CONTENTFUL_SPACE=2ia3bfulpn80
CONTENTFUL_ACCESS_TOKEN=fdbfc3d337a54f917a829ceb1a8f36ac676cb621a5fa24127dd0423d2f39cb2e
INSTAGRAM_ACCESS_TOKEN=353822016.92690c9.2082079a5f5b4f059c8270de8c988d42